wslubuntu@DevelopmentEnv:~$ nc travelling-salesman.hsctf.com 1337
== proof-of-work: disabled ==
[60, 82, 53, 81]
>order: 53 82 81 60

[22, 85, 68, 35, 19, 90, 46, 21, 67, 77]
>order: 19 21 22 35 90 85 77 68 67 46

[41, 42, 80, 72, 40, 92, 66, 67, 43, 85, 63, 60, 59, 32, 14, 82, 12, 71, 44, 70, 91, 26, 90, 88, 17, 48, 27, 64, 62, 57]
>order: 12 14 17 26 27 32 40 41 42 43 44 48 57 59 92 91 90 88 85 82 80 72 71 70 67 66 64 63 62 60

[70, 59, 66, 18, 90, 53, 74, 54, 33, 94, 73, 24, 37, 67, 25, 10, 34, 72, 48, 95, 83, 97, 51, 79, 85, 96, 47, 13, 89, 69, 82, 38, 65, 32, 23, 52, 49, 17, 39, 31, 64, 11, 78, 21, 14, 45, 68, 57, 43, 12]
>order: 10 11 12 13 14 17 18 21 23 24 25 31 32 33 34 37 38 39 43 45 47 48 49 51 97 96 95 94 90 89 85 83 82 79 78 74 73 72 70 69 68 67 66 65 64 59 57 54 53 52

[50, 66, 98, 38, 95, 82, 40, 55, 26, 18, 43, 11, 88, 77, 97, 96, 90, 29, 10, 35, 73, 24, 33, 39, 93, 22, 37, 13, 94, 79, 53, 72, 62, 87, 67, 32, 89, 76, 52, 45, 92, 12, 34, 84, 49, 27, 28, 20, 46, 58]
>order: 10 11 12 13 18 20 22 24 26 27 28 29 32 33 34 35 37 38 39 40 43 45 46 49 98 97 96 95 94 93 92 90 89 88 87 84 82 79 77 76 73 72 67 66 62 58 55 53 52 50

flag{the_fitness_gram_pacer_test_is_a_multistage_aerobic_capacity_test_8182295882010254837}

solve